Vertex Count: 516

Data:

-0.78541 12.1386 -1.71093 0 1.0854 0.4571 0.889 0.0279
0.35989 11.4881 0.247568 0.1809 0.8028 0.4571 0.889 0.0279
0.71431 11.3865 -2.31824 0.1809 1.1972 0.4571 0.889 0.0279
1.31239 11.3995 0.077968 0.1118 0.6219 0.0501 0.8512 0.5224
0.55241 10.5148 1.59234 0.3973 0.6343 0.0501 0.8512 0.5224
2.28577 10.6769 1.16212 0.1771 0.8259 0.0501 0.8512 0.5224
0.55241 10.5148 1.59234 0.3191 0.8882 0.286 0.4275 0.8576
-1.09133 9.91668 2.43868 0.1809 1.1972 0.286 0.4275 0.8576
-0.03842 8.41696 2.83517 -0 1.0854 0.286 0.4275 0.8576
-0.90183 10.7419 1.82374 0.3781 0.6809 -0.3635 0.5208 0.7724
-1.99313 11.8105 0.589588 0.1972 0.5691 -0.3635 0.5208 0.7724
-2.72165 9.76283 1.62752 0.3191 0.8882 -0.3635 0.5208 0.7724
-1.99313 11.8105 0.589588 -0.1809 0.8028 -0.3508 0.9329 -0.0812
-1.04425 12.0638 -0.599372 0 0.9146 -0.3508 0.9329 -0.0812
-2.61201 11.4254 -1.16181 -0.3191 1.1118 -0.3508 0.9329 -0.0812
-2.61201 11.4254 -1.16181 -0.1118 0.6219 -0.7924 0.3546 -0.4964
-1.63814 10.794 -3.16712 -0.4309 0.8191 -0.7924 0.3546 -0.4964
-2.59713 9.55127 -2.52404 -0.3191 0.8882 -0.7924 0.3546 -0.4964
-1.63814 10.794 -3.16712 0.1809 1.1972 -0.0824 0.3879 -0.918
0.56046 10.884 -3.32648 0.3191 0.8882 -0.0824 0.3879 -0.918
-0.70869 9.20138 -3.92351 0 0.9146 -0.0824 0.3879 -0.918
0.92766 9.89971 -3.498 -0.4309 0.8191 0.5992 0.5486 -0.5831
0.71431 11.3865 -2.31824 -0.1972 0.5691 0.5992 0.5486 -0.5831
2.3217 9.61637 -2.33207 -0.3191 0.8882 0.5992 0.5486 -0.5831
2.19717 9.75478 1.81949 0.3191 0.8882 0.838 -0.2499 0.4851
2.18416 8.11104 0.995079 0.1809 1.1972 0.838 -0.2499 0.4851
2.93625 9.16395 0.238359 -0 1.0854 0.838 -0.2499 0.4851
2.93625 9.16395 0.238359 -0 1.0854 0.9861 0.0962 -0.1354
2.83561 7.9483 -1.35794 -0.1809 1.1972 0.9861 0.0962 -0.1354
2.60818 10.5141 -1.1909 -0.1809 0.8028 0.9861 0.0962 -0.1354
-0.70869 9.20138 -3.92351 0 0.9146 -0.5031 -0.4645 -0.7288
0.39074 7.5467 -3.62789 -0.1809 0.8028 -0.5031 -0.4645 -0.7288
-1.10534 7.40208 -2.50309 -0.3191 1.1118 -0.5031 -0.4645 -0.7288
0.3489 6.73241 -3.11889 0.1118 1.3781 0.5157 -0.3166 -0.7961
2.22299 8.16212 -2.47348 0.3411 1.3067 0.5157 -0.3166 -0.7961
1.59162 5.78074 -1.93533 0.2179 1.1576 0.5157 -0.3166 -0.7961
2.18416 8.11104 0.995079 0.1809 1.1972 0.8311 -0.4537 0.3215
1.31173 7.20924 1.97791 0.4309 1.1809 0.8311 -0.4537 0.3215
1.68159 6.48072 -0.006611 0.1118 1.3781 0.8311 -0.4537 0.3215
1.68159 6.48072 -0.006611 0.3191 0.8882 0.4095 -0.8636 0.2943
0.30521 5.63405 -0.575971 0 1.0854 0.4095 -0.8636 0.2943
1.59162 5.78074 -1.93533 0.1809 1.1972 0.4095 -0.8636 0.2943
-1.10534 7.40208 -2.50309 -0.1249 1.3695 0.1431 -0.8957 -0.421
-1.80029 6.50654 -0.834091 -0.3191 1.1118 0.1431 -0.8957 -0.421
-2.77019 7.02731 -2.27151 -0.4309 1.1809 0.1431 -0.8957 -0.421
-1.80029 6.50654 -0.834091 -0.3191 1.1118 -0.408 -0.9083 -0.0922
-0.00099 5.55921 0.535589 0 0.9146 -0.408 -0.9083 -0.0922
-1.65568 6.20475 1.49946 -0.1809 0.8028 -0.408 -0.9083 -0.0922
0.41399 6.36321 1.79993 -0.3191 0.8882 0.3121 -0.3719 0.8742
-0.03842 8.41696 2.83517 -0 1.0854 0.3121 -0.3719 0.8742
-1.04025 6.59037 2.41574 -0.3191 1.1118 0.3121 -0.3719 0.8742
-1.25408 7.56366 2.61625 0.4249 1.213 -0.6583 -0.3522 0.6653
-2.89295 8.30858 1.38913 0.3191 1.1118 -0.6583 -0.3522 0.6653
-1.65568 6.20475 1.49946 0.2795 1.3566 -0.6583 -0.3522 0.6653
-2.69583 8.09703 -2.76242 -0.3191 1.1118 -0.8012 0.2278 -0.5534
-3.64316 8.49369 -1.22765 0 0.9146 -0.8012 0.2278 -0.5534
-2.99762 9.59312 -1.7097 -0.1809 0.8028 -0.8012 0.2278 -0.5534
-3.64316 8.49369 -1.22765 0 0.9146 -0.9857 0.0022 0.1683
-3.42164 7.56423 0.081509 0.1809 1.1972 -0.9857 0.0022 0.1683
-3.32003 10.13 0.643318 0.1809 0.8028 -0.9857 0.0022 0.1683
0.35989 11.4881 0.247568 0.1809 0.8028 0.1908 0.8193 0.5407
-1.99313 11.8105 0.589588 -0.1809 0.8028 0.1908 0.8193 0.5407
-0.90183 10.7419 1.82374 -0.1118 0.6219 0.1908 0.8193 0.5407
-0.78541 12.1386 -1.71093 0 1.0854 0.2805 0.8761 -0.3922
0.71431 11.3865 -2.31824 0.1809 1.1972 0.2805 0.8761 -0.3922
-0.89379 11.5536 -3.09508 -0.1118 1.3781 0.2805 0.8761 -0.3922
1.31239 11.3995 0.077968 0.1118 0.6219 0.5853 0.8107 0.0149
2.28577 10.6769 1.16212 0.1809 0.8028 0.5853 0.8107 0.0149
2.86141 10.2755 0.384908 -0 0.9146 0.5853 0.8107 0.0149
0.92766 9.89971 -3.498 0.1809 0.8028 0.5504 -0.0797 -0.8311
2.22299 8.16212 -2.47348 -0.1118 0.6219 0.5504 -0.0797 -0.8311
0.39074 7.5467 -3.62789 -0.1809 0.8028 0.5504 -0.0797 -0.8311
2.83561 7.9483 -1.35794 -0.1809 1.1972 0.8618 -0.4305 0.2684
2.18416 8.11104 0.995079 0.1809 1.1972 0.8618 -0.4305 0.2684
1.68159 6.48072 -0.006611 0.1118 1.3781 0.8618 -0.4305 0.2684
1.59162 5.78074 -1.93533 0.1809 1.1972 -0.3898 -0.8005 -0.4552
0.30521 5.63405 -0.575971 0 1.0854 -0.3898 -0.8005 -0.4552
-0.7614 6.43219 -1.06634 -0.1809 1.1972 -0.3898 -0.8005 -0.4552
-0.00099 5.55921 0.535589 0 0.9146 -0.0139 -0.8417 0.5398
0.41399 6.36321 1.79993 0.1118 0.6219 -0.0139 -0.8417 0.5398
-1.65568 6.20475 1.49946 -0.1809 0.8028 -0.0139 -0.8417 0.5398
-1.80029 6.50654 -0.834091 -0.1118 1.3781 -0.4882 -0.8627 0.1321
-3.42164 7.56423 0.081509 0.1809 1.1972 -0.4882 -0.8627 0.1321
-3.56832 7.38213 -1.64996 0 1.0854 -0.4882 -0.8627 0.1321
-1.25408 7.56366 2.61625 -0.1809 1.1972 -0.237 0.0894 0.9674
-0.03842 8.41696 2.83517 -0 1.0854 -0.237 0.0894 0.9674
-1.09133 9.91668 2.43868 0.1809 1.1972 -0.237 0.0894 0.9674
-3.32003 10.13 0.643318 0.1809 0.8028 -0.9443 0.2838 -0.1668
-2.83916 11.5241 0.292438 0.1118 0.6219 -0.9443 0.2838 -0.1668
-2.61201 11.4254 -1.16181 -0.1118 0.6219 -0.9443 0.2838 -0.1668
-2.59713 9.55127 -2.52404 0.1118 1.3781 -0.8263 -0.0804 -0.5574
-1.82024 9.50759 -3.6694 0 1.0854 -0.8263 -0.0804 -0.5574
-2.17506 8.44098 -2.98955 -0.1809 1.1972 -0.8263 -0.0804 -0.5574
1.07313 8.15813 2.58106 -0 0.9146 0.6844 -0.2607 0.6809
1.31173 7.20924 1.97791 -0.1809 0.8028 0.6844 -0.2607 0.6809
2.02587 8.30054 1.67807 -0.1118 0.6219 0.6844 -0.2607 0.6809
0.35989 11.4881 0.247568 0.1809 0.8028 0.3053 0.9427 0.1346
-0.78541 12.1386 -1.71093 0 1.0854 0.3053 0.9427 0.1346
-1.04425 12.0638 -0.599372 0 0.9146 0.3053 0.9427 0.1346
0.35989 11.4881 0.247568 0.1809 0.8028 0.2006 0.9796 -0.0111
1.53955 11.2282 -1.37628 0.3191 1.1118 0.2006 0.9796 -0.0111
0.71431 11.3865 -2.31824 0.1809 1.1972 0.2006 0.9796 -0.0111
1.53955 11.2282 -1.37628 0.3191 1.1118 0.0735 0.9917 -0.1053
0.35989 11.4881 0.247568 0.1809 0.8028 0.0735 0.9917 -0.1053
1.31239 11.3995 0.077968 0.3191 0.8882 0.0735 0.9917 -0.1053
0.55241 10.5148 1.59234 0.3973 0.6343 0.1751 0.8093 0.5607
1.31239 11.3995 0.077968 0.1118 0.6219 0.1751 0.8093 0.5607
0.35989 11.4881 0.247568 0.206 0.513 0.1751 0.8093 0.5607
1.47447 9.56226 2.1078 0.4309 0.8191 0.1737 0.5606 0.8097
2.19717 9.75478 1.81949 0.3191 0.8882 0.1737 0.5606 0.8097
2.28577 10.6769 1.16212 0.1771 0.8259 0.1737 0.5606 0.8097
2.28577 10.6769 1.16212 0.1771 0.8259 0.1457 0.5762 0.8042
0.55241 10.5148 1.59234 0.3973 0.6343 0.1457 0.5762 0.8042
1.47447 9.56226 2.1078 0.4309 0.8191 0.1457 0.5762 0.8042
-0.03842 8.41696 2.83517 -0 1.0854 0.0355 0.502 0.8642
1.47447 9.56226 2.1078 0.1809 0.8028 0.0355 0.502 0.8642
0.55241 10.5148 1.59234 0.3191 0.8882 0.0355 0.502 0.8642
1.47447 9.56226 2.1078 0.1809 0.8028 0.2688 0.2378 0.9334
-0.03842 8.41696 2.83517 -0 1.0854 0.2688 0.2378 0.9334
1.07313 8.15813 2.58106 -0 0.9146 0.2688 0.2378 0.9334
0.55241 10.5148 1.59234 0.3191 0.8882 0.2144 0.5515 0.8062
-0.90183 10.7419 1.82374 0.3191 1.1118 0.2144 0.5515 0.8062
-1.09133 9.91668 2.43868 0.1809 1.1972 0.2144 0.5515 0.8062
-2.72165 9.76283 1.62752 0.3191 0.8882 -0.3997 0.605 0.6887
-1.09133 9.91668 2.43868 0.4309 0.8191 -0.3997 0.605 0.6887
-0.90183 10.7419 1.82374 0.3781 0.6809 -0.3997 0.605 0.6887
-2.83916 11.5241 0.292438 0.1118 0.6219 -0.7137 0.3923 0.5803
-3.32003 10.13 0.643318 0.1809 0.8028 -0.7137 0.3923 0.5803
-2.72165 9.76283 1.62752 0.3191 0.8882 -0.7137 0.3923 0.5803
-2.72165 9.76283 1.62752 0.3191 0.8882 -0.4348 0.5254 0.7314
-1.99313 11.8105 0.589588 0.1972 0.5691 -0.4348 0.5254 0.7314
-2.83916 11.5241 0.292438 0.1118 0.6219 -0.4348 0.5254 0.7314
-2.61201 11.4254 -1.16181 -0.3191 1.1118 -0.2842 0.9525 -0.1091
-2.83916 11.5241 0.292438 -0.3191 0.8882 -0.2842 0.9525 -0.1091
-1.99313 11.8105 0.589588 -0.1809 0.8028 -0.2842 0.9525 -0.1091
-1.04425 12.0638 -0.599372 0 0.9146 -0.4223 0.8912 0.1656
-1.63871 12.038 -1.97621 -0.1809 1.1972 -0.4223 0.8912 0.1656
-2.61201 11.4254 -1.16181 -0.3191 1.1118 -0.4223 0.8912 0.1656
-1.63871 12.038 -1.97621 -0.1809 1.1972 -0.1283 0.991 0.0368
-1.04425 12.0638 -0.599372 0 0.9146 -0.1283 0.991 0.0368
-0.78541 12.1386 -1.71093 0 1.0854 -0.1283 0.991 0.0368
-1.63814 10.794 -3.16712 -0.4309 0.8191 -0.7207 0.4792 -0.5009
-2.61201 11.4254 -1.16181 -0.1118 0.6219 -0.7207 0.4792 -0.5009
-1.63871 12.038 -1.97621 -0.2583 0.628 -0.7207 0.4792 -0.5009
-2.61201 11.4254 -1.16181 -0.1118 0.6219 -0.8475 0.3077 -0.4326
-2.59713 9.55127 -2.52404 -0.3191 0.8882 -0.8475 0.3077 -0.4326
-2.99762 9.59312 -1.7097 -0.1941 0.8279 -0.8475 0.3077 -0.4326
-1.63871 12.038 -1.97621 -0.2583 0.628 -0.5365 0.5835 -0.6097
-0.89379 11.5536 -3.09508 -0.4536 0.7453 -0.5365 0.5835 -0.6097
-1.63814 10.794 -3.16712 -0.4309 0.8191 -0.5365 0.5835 -0.6097
0.56046 10.884 -3.32648 0.3191 0.8882 -0.0782 0.1697 -0.9824
-1.63814 10.794 -3.16712 0.1809 1.1972 -0.0782 0.1697 -0.9824
-0.89379 11.5536 -3.09508 0.3191 1.1118 -0.0782 0.1697 -0.9824
-1.63814 10.794 -3.16712 0.1809 1.1972 -0.1073 0.3748 -0.9209
-0.70869 9.20138 -3.92351 0 0.9146 -0.1073 0.3748 -0.9209
-1.82024 9.50759 -3.6694 0 1.0854 -0.1073 0.3748 -0.9209
-0.70869 9.20138 -3.92351 0 0.9146 0.1541 0.2251 -0.9621
0.56046 10.884 -3.32648 0.3191 0.8882 0.1541 0.2251 -0.9621
0.92766 9.89971 -3.498 0.1809 0.8028 0.1541 0.2251 -0.9621
0.71431 11.3865 -2.31824 -0.1972 0.5691 0.8674 0.3797 -0.3216
0.92766 9.89971 -3.498 -0.4309 0.8191 0.8674 0.3797 -0.3216
0.56046 10.884 -3.32648 -0.3781 0.6809 0.8674 0.3797 -0.3216
1.53955 11.2282 -1.37628 -0.1118 0.6219 0.5117 0.6082 -0.6069
2.60818 10.5141 -1.1909 -0.1809 0.8028 0.5117 0.6082 -0.6069
2.3217 9.61637 -2.33207 -0.3191 0.8882 0.5117 0.6082 -0.6069
2.3217 9.61637 -2.33207 -0.3191 0.8882 0.6514 0.5952 -0.4706
0.71431 11.3865 -2.31824 -0.1972 0.5691 0.6514 0.5952 -0.4706
1.53955 11.2282 -1.37628 -0.1118 0.6219 0.6514 0.5952 -0.4706
2.86141 10.2755 0.384908 -0 0.9146 0.8353 0.2637 0.4825
2.28577 10.6769 1.16212 0.1809 0.8028 0.8353 0.2637 0.4825
2.19717 9.75478 1.81949 0.3191 0.8882 0.8353 0.2637 0.4825
2.19717 9.75478 1.81949 0.3191 0.8882 0.9067 0.0054 0.4218
2.93625 9.16395 0.238359 -0 1.0854 0.9067 0.0054 0.4218
2.86141 10.2755 0.384908 -0 0.9146 0.9067 0.0054 0.4218
2.19717 9.75478 1.81949 0.3191 0.8882 0.9558 -0.1378 0.2598
2.02587 8.30054 1.67807 0.3191 1.1118 0.9558 -0.1378 0.2598
2.18416 8.11104 0.995079 0.1809 1.1972 0.9558 -0.1378 0.2598
2.60818 10.5141 -1.1909 -0.1809 0.8028 0.9857 0.0855 -0.1454
2.86141 10.2755 0.384908 -0 0.9146 0.9857 0.0855 -0.1454
2.93625 9.16395 0.238359 -0 1.0854 0.9857 0.0855 -0.1454
2.83561 7.9483 -1.35794 -0.1809 1.1972 0.9422 0.1042 -0.3185
2.3217 9.61637 -2.33207 -0.3191 0.8882 0.9422 0.1042 -0.3185
2.60818 10.5141 -1.1909 -0.1809 0.8028 0.9422 0.1042 -0.3185
2.3217 9.61637 -2.33207 -0.3191 0.8882 0.8754 -0.0124 -0.4832
2.83561 7.9483 -1.35794 -0.1809 1.1972 0.8754 -0.0124 -0.4832
2.22299 8.16212 -2.47348 -0.3191 1.1118 0.8754 -0.0124 -0.4832
-2.17506 8.44098 -2.98955 -0.1809 1.1972 -0.3128 -0.4344 -0.8447
-1.82024 9.50759 -3.6694 0 1.0854 -0.3128 -0.4344 -0.8447
-0.70869 9.20138 -3.92351 0 0.9146 -0.3128 -0.4344 -0.8447
-0.70869 9.20138 -3.92351 0 0.9146 -0.2029 -0.5788 -0.7898
-1.10534 7.40208 -2.50309 -0.3191 1.1118 -0.2029 -0.5788 -0.7898
-2.17506 8.44098 -2.98955 -0.1809 1.1972 -0.2029 -0.5788 -0.7898
-1.10534 7.40208 -2.50309 -0.3191 1.1118 -0.5136 -0.4357 -0.7392
0.39074 7.5467 -3.62789 -0.1809 0.8028 -0.5136 -0.4357 -0.7392
0.3489 6.73241 -3.11889 -0.3191 0.8882 -0.5136 -0.4357 -0.7392
2.22299 8.16212 -2.47348 0.3411 1.3067 0.5792 -0.4533 -0.6776
0.3489 6.73241 -3.11889 0.1118 1.3781 0.5792 -0.4533 -0.6776
0.39074 7.5467 -3.62789 0.1242 1.4486 0.5792 -0.4533 -0.6776
2.22299 8.16212 -2.47348 0.3411 1.3067 0.6539 -0.3275 -0.682
2.35126 6.30942 -1.46086 0.3191 1.1118 0.6539 -0.3275 -0.682
1.59162 5.78074 -1.93533 0.2179 1.1576 0.6539 -0.3275 -0.682
2.35126 6.30942 -1.46086 0.3191 1.1118 0.8377 -0.2161 -0.5015
2.22299 8.16212 -2.47348 0.3411 1.3067 0.8377 -0.2161 -0.5015
2.83561 7.9483 -1.35794 0.4309 1.1809 0.8377 -0.2161 -0.5015
1.31173 7.20924 1.97791 0.4309 1.1809 0.8308 -0.456 0.3191
2.18416 8.11104 0.995079 0.1809 1.1972 0.8308 -0.456 0.3191
2.02587 8.30054 1.67807 0.3191 1.1118 0.8308 -0.456 0.3191
1.31173 7.20924 1.97791 0.4309 1.1809 0.6449 -0.6707 0.3664
0.69734 5.88234 0.630479 0.1972 1.4309 0.6449 -0.6707 0.3664
1.68159 6.48072 -0.006611 0.1118 1.3781 0.6449 -0.6707 0.3664
0.69734 5.88234 0.630479 0.1972 1.4309 0.5741 -0.6989 0.4265
1.31173 7.20924 1.97791 0.4309 1.1809 0.5741 -0.6989 0.4265
0.41399 6.36321 1.79993 0.3781 1.3191 0.5741 -0.6989 0.4265
0.30521 5.63405 -0.575971 0 1.0854 0.5222 -0.8528 0.0058
1.68159 6.48072 -0.006611 0.3191 0.8882 0.5222 -0.8528 0.0058
0.69734 5.88234 0.630479 0.1809 0.8028 0.5222 -0.8528 0.0058
1.68159 6.48072 -0.006611 0.3191 0.8882 0.4161 -0.8608 0.293
1.59162 5.78074 -1.93533 0.1809 1.1972 0.4161 -0.8608 0.293
2.35126 6.30942 -1.46086 0.3191 1.1118 0.4161 -0.8608 0.293
0.69734 5.88234 0.630479 0.1809 0.8028 0.4135 -0.909 0.0527
-0.00099 5.55921 0.535589 0 0.9146 0.4135 -0.909 0.0527
0.30521 5.63405 -0.575971 0 1.0854 0.4135 -0.909 0.0527
-2.69583 8.09703 -2.76242 -0.3052 1.3423 -0.0661 -0.4782 -0.8758
-2.17506 8.44098 -2.98955 -0.1972 1.4309 -0.0661 -0.4782 -0.8758
-1.10534 7.40208 -2.50309 -0.1249 1.3695 -0.0661 -0.4782 -0.8758
-1.10534 7.40208 -2.50309 -0.1249 1.3695 -0.0331 -0.415 -0.9092
-2.77019 7.02731 -2.27151 -0.4309 1.1809 -0.0331 -0.415 -0.9092
-2.69583 8.09703 -2.76242 -0.3052 1.3423 -0.0331 -0.415 -0.9092
-1.10534 7.40208 -2.50309 -0.1249 1.3695 -0.1763 -0.8349 -0.5214
-0.7614 6.43219 -1.06634 -0.1891 1.1835 -0.1763 -0.8349 -0.5214
-1.80029 6.50654 -0.834091 -0.3191 1.1118 -0.1763 -0.8349 -0.5214
-0.00099 5.55921 0.535589 0 0.9146 -0.1568 -0.8966 -0.4142
-1.80029 6.50654 -0.834091 -0.3191 1.1118 -0.1568 -0.8966 -0.4142
-0.7614 6.43219 -1.06634 -0.1809 1.1972 -0.1568 -0.8966 -0.4142
-1.80029 6.50654 -0.834091 -0.3191 1.1118 -0.3514 -0.931 -0.0986
-1.65568 6.20475 1.49946 -0.1809 0.8028 -0.3514 -0.931 -0.0986
-2.46996 6.60525 0.620149 -0.3191 0.8882 -0.3514 -0.931 -0.0986
-0.7614 6.43219 -1.06634 -0.1809 1.1972 -0.5262 -0.8264 -0.2006
0.30521 5.63405 -0.575971 0 1.0854 -0.5262 -0.8264 -0.2006
-0.00099 5.55921 0.535589 0 0.9146 -0.5262 -0.8264 -0.2006
-0.03842 8.41696 2.83517 -0 1.0854 0.2043 -0.4044 0.8915
0.41399 6.36321 1.79993 -0.3191 0.8882 0.2043 -0.4044 0.8915
1.31173 7.20924 1.97791 -0.1809 0.8028 0.2043 -0.4044 0.8915
-0.03842 8.41696 2.83517 -0 1.0854 -0.0301 -0.208 0.9777
-1.25408 7.56366 2.61625 -0.1809 1.1972 -0.0301 -0.208 0.9777
-1.04025 6.59037 2.41574 -0.3191 1.1118 -0.0301 -0.208 0.9777
1.31173 7.20924 1.97791 -0.1809 0.8028 0.0728 -0.5219 0.8499
1.07313 8.15813 2.58106 -0 0.9146 0.0728 -0.5219 0.8499
-0.03842 8.41696 2.83517 -0 1.0854 0.0728 -0.5219 0.8499
-1.65568 6.20475 1.49946 0.2795 1.3566 -0.7345 -0.288 0.6145
-1.04025 6.59037 2.41574 0.3781 1.3191 -0.7345 -0.288 0.6145
-1.25408 7.56366 2.61625 0.4249 1.213 -0.7345 -0.288 0.6145
-2.89295 8.30858 1.38913 0.3191 1.1118 -0.7537 -0.4166 0.5082
-2.46996 6.60525 0.620149 0.2089 1.3107 -0.7537 -0.4166 0.5082
-1.65568 6.20475 1.49946 0.2795 1.3566 -0.7537 -0.4166 0.5082
-2.46996 6.60525 0.620149 0.2089 1.3107 -0.7302 -0.4234 0.5362
-2.89295 8.30858 1.38913 0.3191 1.1118 -0.7302 -0.4234 0.5362
-3.42164 7.56423 0.081509 0.1809 1.1972 -0.7302 -0.4234 0.5362
-3.56832 7.38213 -1.64996 0 1.0854 -0.6637 -0.2734 -0.6962
-2.69583 8.09703 -2.76242 -0.3191 1.1118 -0.6637 -0.2734 -0.6962
-2.77019 7.02731 -2.27151 -0.1809 1.1972 -0.6637 -0.2734 -0.6962
-2.69583 8.09703 -2.76242 -0.3191 1.1118 -0.8867 0.1328 -0.4429
-2.99762 9.59312 -1.7097 -0.1809 0.8028 -0.8867 0.1328 -0.4429
-2.59713 9.55127 -2.52404 -0.3191 0.8882 -0.8867 0.1328 -0.4429
-2.69583 8.09703 -2.76242 -0.3191 1.1118 -0.8229 0.1525 -0.5473
-3.56832 7.38213 -1.64996 0 1.0854 -0.8229 0.1525 -0.5473
-3.64316 8.49369 -1.22765 0 0.9146 -0.8229 0.1525 -0.5473
-3.42164 7.56423 0.081509 0.1809 1.1972 -0.9902 -0.1026 0.0947
-3.64316 8.49369 -1.22765 0 0.9146 -0.9902 -0.1026 0.0947
-3.56832 7.38213 -1.64996 0 1.0854 -0.9902 -0.1026 0.0947
-2.89295 8.30858 1.38913 0.3191 1.1118 -0.852 0.0146 0.5234
-2.72165 9.76283 1.62752 0.3191 0.8882 -0.852 0.0146 0.5234
-3.32003 10.13 0.643318 0.1809 0.8028 -0.852 0.0146 0.5234
-3.32003 10.13 0.643318 0.1809 0.8028 -0.9154 -0.0512 0.3992
-3.42164 7.56423 0.081509 0.1809 1.1972 -0.9154 -0.0512 0.3992
-2.89295 8.30858 1.38913 0.3191 1.1118 -0.9154 -0.0512 0.3992
-1.99313 11.8105 0.589588 -0.1809 0.8028 0.1757 0.9249 0.3372
0.35989 11.4881 0.247568 0.1809 0.8028 0.1757 0.9249 0.3372
-1.04425 12.0638 -0.599372 0 0.9146 0.1757 0.9249 0.3372
0.35989 11.4881 0.247568 0.1809 0.8028 0.2138 0.8056 0.5525
-0.90183 10.7419 1.82374 -0.1118 0.6219 0.2138 0.8056 0.5525
0.55241 10.5148 1.59234 0.1118 0.6219 0.2138 0.8056 0.5525
-0.89379 11.5536 -3.09508 -0.1118 1.3781 0.0127 0.9207 -0.3901
-1.63871 12.038 -1.97621 -0.1809 1.1972 0.0127 0.9207 -0.3901
-0.78541 12.1386 -1.71093 0 1.0854 0.0127 0.9207 -0.3901
0.71431 11.3865 -2.31824 0.1809 1.1972 0.3094 0.8314 -0.4616
0.56046 10.884 -3.32648 0.1118 1.3781 0.3094 0.8314 -0.4616
-0.89379 11.5536 -3.09508 -0.1118 1.3781 0.3094 0.8314 -0.4616
2.60818 10.5141 -1.1909 -0.1809 0.8028 0.5569 0.8305 -0.0108
1.53955 11.2282 -1.37628 -0.1118 0.6219 0.5569 0.8305 -0.0108
1.31239 11.3995 0.077968 0.1118 0.6219 0.5569 0.8305 -0.0108
1.31239 11.3995 0.077968 0.1118 0.6219 0.5833 0.8118 0.0292
2.86141 10.2755 0.384908 -0 0.9146 0.5833 0.8118 0.0292
2.60818 10.5141 -1.1909 -0.1809 0.8028 0.5833 0.8118 0.0292
2.22299 8.16212 -2.47348 -0.1118 0.6219 0.6449 0.0305 -0.7637
0.92766 9.89971 -3.498 0.1809 0.8028 0.6449 0.0305 -0.7637
2.3217 9.61637 -2.33207 0.1118 0.6219 0.6449 0.0305 -0.7637
0.92766 9.89971 -3.498 0.1809 0.8028 0.2534 -0.0044 -0.9673
0.39074 7.5467 -3.62789 -0.1809 0.8028 0.2534 -0.0044 -0.9673
-0.70869 9.20138 -3.92351 0 0.9146 0.2534 -0.0044 -0.9673
2.18416 8.11104 0.995079 0.1809 1.1972 0.8646 -0.4245 0.2687
2.83561 7.9483 -1.35794 -0.1809 1.1972 0.8646 -0.4245 0.2687
2.93625 9.16395 0.238359 -0 1.0854 0.8646 -0.4245 0.2687
2.83561 7.9483 -1.35794 -0.1809 1.1972 0.8588 -0.2807 0.4285
1.68159 6.48072 -0.006611 0.1118 1.3781 0.8588 -0.2807 0.4285
2.35126 6.30942 -1.46086 -0.1118 1.3781 0.8588 -0.2807 0.4285
-0.7614 6.43219 -1.06634 -0.1809 1.1972 -0.3616 -0.8744 -0.3235
0.3489 6.73241 -3.11889 0.1118 1.3781 -0.3616 -0.8744 -0.3235
1.59162 5.78074 -1.93533 0.1809 1.1972 -0.3616 -0.8744 -0.3235
0.3489 6.73241 -3.11889 0.1118 1.3781 -0.5164 -0.762 -0.3908
-0.7614 6.43219 -1.06634 -0.1809 1.1972 -0.5164 -0.762 -0.3908
-1.10534 7.40208 -2.50309 -0.1118 1.3781 -0.5164 -0.762 -0.3908
0.41399 6.36321 1.79993 0.1118 0.6219 0.3315 -0.8416 0.4264
-0.00099 5.55921 0.535589 0 0.9146 0.3315 -0.8416 0.4264
0.69734 5.88234 0.630479 0.1809 0.8028 0.3315 -0.8416 0.4264
0.41399 6.36321 1.79993 0.1118 0.6219 0.0159 -0.9253 0.3788
-1.04025 6.59037 2.41574 -0.1118 0.6219 0.0159 -0.9253 0.3788
-1.65568 6.20475 1.49946 -0.1809 0.8028 0.0159 -0.9253 0.3788
-3.42164 7.56423 0.081509 0.1809 1.1972 -0.6207 -0.748 -0.2351
-1.80029 6.50654 -0.834091 -0.1118 1.3781 -0.6207 -0.748 -0.2351
-2.46996 6.60525 0.620149 0.1118 1.3781 -0.6207 -0.748 -0.2351
-1.80029 6.50654 -0.834091 -0.1118 1.3781 -0.4298 -0.9022 -0.0369
-3.56832 7.38213 -1.64996 0 1.0854 -0.4298 -0.9022 -0.0369
-2.77019 7.02731 -2.27151 -0.1809 1.1972 -0.4298 -0.9022 -0.0369
-1.09133 9.91668 2.43868 0.1809 1.1972 -0.5665 0.1009 0.8179
-2.89295 8.30858 1.38913 -0.1118 1.3781 -0.5665 0.1009 0.8179
-1.25408 7.56366 2.61625 -0.1809 1.1972 -0.5665 0.1009 0.8179
-2.89295 8.30858 1.38913 -0.1118 1.3781 -0.4362 -0.0953 0.8948
-1.09133 9.91668 2.43868 0.1809 1.1972 -0.4362 -0.0953 0.8948
-2.72165 9.76283 1.62752 0.1118 1.3781 -0.4362 -0.0953 0.8948
-2.99762 9.59312 -1.7097 -0.1809 0.8028 -0.8804 0.4218 -0.2169
-3.64316 8.49369 -1.22765 0 0.9146 -0.8804 0.4218 -0.2169
-3.32003 10.13 0.643318 0.1809 0.8028 -0.8804 0.4218 -0.2169
-3.32003 10.13 0.643318 0.1809 0.8028 -0.9482 0.2559 -0.1883
-2.61201 11.4254 -1.16181 -0.1118 0.6219 -0.9482 0.2559 -0.1883
-2.99762 9.59312 -1.7097 -0.1809 0.8028 -0.9482 0.2559 -0.1883
-1.82024 9.50759 -3.6694 0 1.0854 -0.7781 0.321 -0.54
-2.59713 9.55127 -2.52404 0.1118 1.3781 -0.7781 0.321 -0.54
-1.63814 10.794 -3.16712 0.1809 1.1972 -0.7781 0.321 -0.54
-2.59713 9.55127 -2.52404 0.1118 1.3781 -0.4877 0.1734 -0.8556
-2.17506 8.44098 -2.98955 -0.1809 1.1972 -0.4877 0.1734 -0.8556
-2.69583 8.09703 -2.76242 -0.1118 1.3781 -0.4877 0.1734 -0.8556
2.02587 8.30054 1.67807 -0.1118 0.6219 0.6831 0.0503 0.7286
1.47447 9.56226 2.1078 0.1809 0.8028 0.6831 0.0503 0.7286
1.07313 8.15813 2.58106 -0 0.9146 0.6831 0.0503 0.7286
1.47447 9.56226 2.1078 0.1809 0.8028 0.398 -0.1351 0.9074
2.02587 8.30054 1.67807 -0.1118 0.6219 0.398 -0.1351 0.9074
2.19717 9.75478 1.81949 0.1118 0.6219 0.398 -0.1351 0.9074
0.19548 7.17094 -0.253061 0.5 0 0.0682 0.0499 0.9964
-0.02241 7.01154 -0.230161 0.0245 0.3455 0.0682 0.0499 0.9964
0.8645 6.25636 -0.253051 0.5 0 0.0682 0.0499 0.9964
0.6466 6.09696 0.048279 0.0245 0.3455 -0.3366 0.0402 0.9408
-0.02241 7.01154 -0.230161 0.0245 0.3455 -0.3366 0.0402 0.9408
0.29403 5.83906 -0.066821 0.2061 0.9045 -0.3366 0.0402 0.9408
-0.37498 6.75364 -0.238911 0.2061 0.9045 -0.8071 -0.5904 -0
-0.37498 6.75364 -0.267201 0.7939 0.9045 -0.8071 -0.5904 -0
0.29403 5.83906 -0.066821 0.2061 0.9045 -0.8071 -0.5904 -0
-0.37498 6.75364 -0.267201 0.7939 0.9045 -0.1046 0.1095 -0.9885
-0.02241 7.01154 -0.275951 0.9755 0.3455 -0.1046 0.1095 -0.9885
0.29403 5.83906 -0.439291 0.7939 0.9045 -0.1046 0.1095 -0.9885
0.6466 6.09696 -0.554391 0.9755 0.3455 0.4977 0.5645 -0.6585
-0.02241 7.01154 -0.275951 0.9755 0.3455 0.4977 0.5645 -0.6585
0.8645 6.25636 -0.253051 0.5 0 0.4977 0.5645 -0.6585
-0.02241 7.01154 -0.230161 0.0245 0.3455 0.4977 0.5645 0.6585
0.6466 6.09696 0.048279 0.0245 0.3455 0.4977 0.5645 0.6585
0.8645 6.25636 -0.253051 0.5 0 0.4977 0.5645 0.6585
-0.02241 7.01154 -0.230161 0.0245 0.3455 -0.1046 0.1095 0.9885
-0.37498 6.75364 -0.238911 0.2061 0.9045 -0.1046 0.1095 0.9885
0.29403 5.83906 -0.066821 0.2061 0.9045 -0.1046 0.1095 0.9885
-0.37498 6.75364 -0.267201 0.7939 0.9045 -0.8071 -0.5904 -0
0.29403 5.83906 -0.439291 0.7939 0.9045 -0.8071 -0.5904 -0
0.29403 5.83906 -0.066821 0.2061 0.9045 -0.8071 -0.5904 -0
-0.02241 7.01154 -0.275951 0.9755 0.3455 -0.3366 0.0402 -0.9408
0.6466 6.09696 -0.554391 0.9755 0.3455 -0.3366 0.0402 -0.9408
0.29403 5.83906 -0.439291 0.7939 0.9045 -0.3366 0.0402 -0.9408
-0.02241 7.01154 -0.275951 0.9755 0.3455 0.0682 0.0499 -0.9964
0.19548 7.17094 -0.253061 0.5 0 0.0682 0.0499 -0.9964
0.8645 6.25636 -0.253051 0.5 0 0.0682 0.0499 -0.9964
-0.02241 7.01154 -0.275951 0.9755 0.3455 -0.5904 0.8071 -0
-0.37498 6.75364 -0.267201 0.7939 0.9045 -0.5904 0.8071 -0
-0.02241 7.01154 -0.230161 0.0245 0.3455 -0.5904 0.8071 -0
-0.02241 7.01154 -0.230161 0.0245 0.3455 -0.5904 0.8071 -0
0.19548 7.17094 -0.253061 0.5 0 -0.5904 0.8071 -0
-0.02241 7.01154 -0.275951 0.9755 0.3455 -0.5904 0.8071 -0
-0.37498 6.75364 -0.267201 0.7939 0.9045 -0.5904 0.8071 -0
-0.37498 6.75364 -0.238911 0.2061 0.9045 -0.5904 0.8071 -0
-0.02241 7.01154 -0.230161 0.0245 0.3455 -0.5904 0.8071 -0
-0.04267 2.33169 -0.25305 0.5 0 0.7786 -0.242 0.579
0.37174 3.66522 -0.253051 0.5 0 0.7786 -0.242 0.579
-0.43269 2.55184 0.36338 0.0245 0.3455 0.7786 -0.242 0.579
-0.43269 2.55184 0.36338 0.0245 0.3455 -0.158 0.3342 0.9292
0.21547 3.88537 -0.006071 0.0245 0.3455 -0.158 0.3342 0.9292
-1.06377 2.90805 0.12792 0.2061 0.9045 -0.158 0.3342 0.9292
-1.06377 2.90805 0.12792 0.2061 0.9045 -0.7925 0.6099 -0
-0.03738 4.24157 -0.100411 0.2061 0.9045 -0.7925 0.6099 -0
-1.06377 2.90805 -0.634031 0.7939 0.9045 -0.7925 0.6099 -0
-0.03738 4.24157 -0.405701 0.7939 0.9045 -0.0617 0.2144 -0.9748
0.21547 3.88537 -0.500041 0.9755 0.3455 -0.0617 0.2144 -0.9748
-1.06377 2.90805 -0.634031 0.7939 0.9045 -0.0617 0.2144 -0.9748
0.21547 3.88537 -0.500041 0.9755 0.3455 0.7468 -0.1861 -0.6384
0.37174 3.66522 -0.253051 0.5 0 0.7468 -0.1861 -0.6384
-0.43269 2.55184 -0.86949 0.9755 0.3455 0.7468 -0.1861 -0.6384
1.22492 5.03572 -0.253061 0.5 0 0.6815 -0.4243 0.5962
0.96451 4.96451 -0.006071 0.0245 0.3455 0.6815 -0.4243 0.5962
0.37174 3.66522 -0.253051 0.5 0 0.6815 -0.4243 0.5962
0.96451 4.96451 -0.006071 0.0245 0.3455 -0.2619 0.1818 0.9478
0.54316 4.84928 -0.100411 0.2061 0.9045 -0.2619 0.1818 0.9478
0.21547 3.88537 -0.006071 0.0245 0.3455 -0.2619 0.1818 0.9478
-0.03738 4.24157 -0.100411 0.2061 0.9045 -0.7231 0.6908 -0
0.54316 4.84928 -0.100411 0.2061 0.9045 -0.7231 0.6908 -0
-0.03738 4.24157 -0.405701 0.7939 0.9045 -0.7231 0.6908 -0
-0.03738 4.24157 -0.405701 0.7939 0.9045 -0.1553 0.1484 -0.9767
0.54316 4.84928 -0.405701 0.7939 0.9045 -0.1553 0.1484 -0.9767
0.21547 3.88537 -0.500041 0.9755 0.3455 -0.1553 0.1484 -0.9767
0.21547 3.88537 -0.500041 0.9755 0.3455 0.5728 -0.3976 -0.7168
0.96451 4.96451 -0.500041 0.9755 0.3455 0.5728 -0.3976 -0.7168
0.37174 3.66522 -0.253051 0.5 0 0.5728 -0.3976 -0.7168
0.8645 6.25636 -0.253051 0.5 0 0.7332 0.2165 0.6447
0.6466 6.09696 0.048279 0.0245 0.3455 0.7332 0.2165 0.6447
1.22492 5.03572 -0.253061 0.5 0 0.7332 0.2165 0.6447
0.6466 6.09696 0.048279 0.0245 0.3455 -0.2335 -0.1119 0.9659
0.29403 5.83906 -0.066821 0.2061 0.9045 -0.2335 -0.1119 0.9659
0.96451 4.96451 -0.006071 0.0245 0.3455 -0.2335 -0.1119 0.9659
0.54316 4.84928 -0.100411 0.2061 0.9045 -0.9698 -0.2441 -0
0.29403 5.83906 -0.066821 0.2061 0.9045 -0.9698 -0.2441 -0
0.54316 4.84928 -0.405701 0.7939 0.9045 -0.9698 -0.2441 -0
0.54316 4.84928 -0.405701 0.7939 0.9045 -0.1962 -0.0825 -0.9771
0.29403 5.83906 -0.439291 0.7939 0.9045 -0.1962 -0.0825 -0.9771
0.96451 4.96451 -0.500041 0.9755 0.3455 -0.1962 -0.0825 -0.9771
0.96451 4.96451 -0.500041 0.9755 0.3455 0.6586 0.1495 -0.7375
0.6466 6.09696 -0.554391 0.9755 0.3455 0.6586 0.1495 -0.7375
1.22492 5.03572 -0.253061 0.5 0 0.6586 0.1495 -0.7375
0.37174 3.66522 -0.253051 0.5 0 0.7468 -0.1861 0.6384
0.21547 3.88537 -0.006071 0.0245 0.3455 0.7468 -0.1861 0.6384
-0.43269 2.55184 0.36338 0.0245 0.3455 0.7468 -0.1861 0.6384
0.21547 3.88537 -0.006071 0.0245 0.3455 -0.0617 0.2144 0.9748
-0.03738 4.24157 -0.100411 0.2061 0.9045 -0.0617 0.2144 0.9748
-1.06377 2.90805 0.12792 0.2061 0.9045 -0.0617 0.2144 0.9748
-0.03738 4.24157 -0.100411 0.2061 0.9045 -0.7925 0.6099 -0
-0.03738 4.24157 -0.405701 0.7939 0.9045 -0.7925 0.6099 -0
-1.06377 2.90805 -0.634031 0.7939 0.9045 -0.7925 0.6099 -0
0.21547 3.88537 -0.500041 0.9755 0.3455 -0.158 0.3342 -0.9292
-0.43269 2.55184 -0.86949 0.9755 0.3455 -0.158 0.3342 -0.9292
-1.06377 2.90805 -0.634031 0.7939 0.9045 -0.158 0.3342 -0.9292
0.37174 3.66522 -0.253051 0.5 0 0.7786 -0.242 -0.579
-0.04267 2.33169 -0.25305 0.5 0 0.7786 -0.242 -0.579
-0.43269 2.55184 -0.86949 0.9755 0.3455 0.7786 -0.242 -0.579
0.96451 4.96451 -0.006071 0.0245 0.3455 0.5728 -0.3976 0.7168
0.21547 3.88537 -0.006071 0.0245 0.3455 0.5728 -0.3976 0.7168
0.37174 3.66522 -0.253051 0.5 0 0.5728 -0.3976 0.7168
0.54316 4.84928 -0.100411 0.2061 0.9045 -0.1553 0.1484 0.9767
-0.03738 4.24157 -0.100411 0.2061 0.9045 -0.1553 0.1484 0.9767
0.21547 3.88537 -0.006071 0.0245 0.3455 -0.1553 0.1484 0.9767
0.54316 4.84928 -0.100411 0.2061 0.9045 -0.7231 0.6908 -0
0.54316 4.84928 -0.405701 0.7939 0.9045 -0.7231 0.6908 -0
-0.03738 4.24157 -0.405701 0.7939 0.9045 -0.7231 0.6908 -0
0.54316 4.84928 -0.405701 0.7939 0.9045 -0.2619 0.1818 -0.9478
0.96451 4.96451 -0.500041 0.9755 0.3455 -0.2619 0.1818 -0.9478
0.21547 3.88537 -0.500041 0.9755 0.3455 -0.2619 0.1818 -0.9478
0.96451 4.96451 -0.500041 0.9755 0.3455 0.6815 -0.4243 -0.5963
1.22492 5.03572 -0.253061 0.5 0 0.6815 -0.4243 -0.5963
0.37174 3.66522 -0.253051 0.5 0 0.6815 -0.4243 -0.5963
0.6466 6.09696 0.048279 0.0245 0.3455 0.6586 0.1495 0.7375
0.96451 4.96451 -0.006071 0.0245 0.3455 0.6586 0.1495 0.7375
1.22492 5.03572 -0.253061 0.5 0 0.6586 0.1495 0.7375
0.29403 5.83906 -0.066821 0.2061 0.9045 -0.1962 -0.0825 0.9771
0.54316 4.84928 -0.100411 0.2061 0.9045 -0.1962 -0.0825 0.9771
0.96451 4.96451 -0.006071 0.0245 0.3455 -0.1962 -0.0825 0.9771
0.29403 5.83906 -0.066821 0.2061 0.9045 -0.9698 -0.2441 -0
0.29403 5.83906 -0.439291 0.7939 0.9045 -0.9698 -0.2441 -0
0.54316 4.84928 -0.405701 0.7939 0.9045 -0.9698 -0.2441 -0
0.29403 5.83906 -0.439291 0.7939 0.9045 -0.2335 -0.1119 -0.9659
0.6466 6.09696 -0.554391 0.9755 0.3455 -0.2335 -0.1119 -0.9659
0.96451 4.96451 -0.500041 0.9755 0.3455 -0.2335 -0.1119 -0.9659
0.6466 6.09696 -0.554391 0.9755 0.3455 0.7332 0.2165 -0.6447
0.8645 6.25636 -0.253051 0.5 0 0.7332 0.2165 -0.6447
1.22492 5.03572 -0.253061 0.5 0 0.7332 0.2165 -0.6447
0.58107 -0 -0.25305 0.75 1 0.9647 0.2631 -0.0094
-0.04267 2.33169 -0.25305 0.75 0 0.9738 0.2267 -0.0172
0.1332 0 0.36338 0.95 1 0.3651 0.0917 0.9264
0.1332 0 0.36338 0.95 1 0.3651 0.0917 0.9264
-0.43269 2.55184 0.36338 0.95 0 0.0331 0.0208 0.9992
-0.59147 0 0.12792 1.15 1 -0.7714 -0.1295 0.6231
-0.59147 0 0.12792 0.15 1 -0.7714 -0.1295 0.6231
-1.06377 2.90805 0.12792 0.15 0 -0.9044 -0.1501 0.3993
-0.59147 -0 -0.63403 0.35 1 -0.7741 -0.1397 -0.6175
-1.06377 2.90805 -0.634031 0.35 0 -0.9066 -0.143 -0.397
-0.43269 2.55184 -0.86949 0.55 0 0.0558 0.029 -0.998
-0.59147 -0 -0.63403 0.35 1 -0.7741 -0.1397 -0.6175
-0.43269 2.55184 -0.86949 0.55 0 0.0558 0.029 -0.998
-0.04267 2.33169 -0.25305 0.75 0 0.9738 0.2267 -0.0172
0.1332 -0 -0.86949 0.55 1 0.3785 0.1063 -0.9195
0.1332 -0 -0.86949 0.9755 0.3455 -0 -1 0
0.1332 0 0.36338 0.0245 0.3455 -0 -1 0
-0.59147 -0 -0.63403 0.7939 0.9045 -0 -1 0
-0.04267 2.33169 -0.25305 0.75 0 0.9738 0.2267 -0.0172
-0.43269 2.55184 0.36338 0.95 0 0.0331 0.0208 0.9992
0.1332 0 0.36338 0.95 1 0.3651 0.0917 0.9264
-0.43269 2.55184 0.36338 0.95 0 0.0331 0.0208 0.9992
-1.06377 2.90805 0.12792 1.15 0 -0.9044 -0.1501 0.3993
-0.59147 0 0.12792 1.15 1 -0.7714 -0.1295 0.6231
-1.06377 2.90805 0.12792 0.15 0 -0.9044 -0.1501 0.3993
-1.06377 2.90805 -0.634031 0.35 0 -0.9066 -0.143 -0.397
-0.59147 -0 -0.63403 0.35 1 -0.7741 -0.1397 -0.6175
-0.43269 2.55184 -0.86949 0.55 0 0.0558 0.029 -0.998
0.1332 -0 -0.86949 0.55 1 0.3785 0.1063 -0.9195
-0.59147 -0 -0.63403 0.35 1 -0.7741 -0.1397 -0.6175
-0.04267 2.33169 -0.25305 0.75 0 0.9738 0.2267 -0.0172
0.58107 -0 -0.25305 0.75 1 0.9647 0.2631 -0.0094
0.1332 -0 -0.86949 0.55 1 0.3785 0.1063 -0.9195
0.1332 0 0.36338 0.0245 0.3455 -0 -1 0
0.1332 -0 -0.86949 0.9755 0.3455 -0 -1 0
0.58107 -0 -0.25305 0.5 0 -0 -1 0
0.1332 0 0.36338 0.0245 0.3455 -0 -1 0
-0.59147 0 0.12792 0.2061 0.9045 -0 -1 0
-0.59147 -0 -0.63403 0.7939 0.9045 -0 -1 0
