Vertex Count: 30

Data:

-1 -1 0 0.0258 0.7348 0 -0 -1
-1 1 -0 0.275 0.7348 0 -0 -1
1 -1 0 0.0258 0.984 0 -0 -1
1.0001 1.00672 -3.04847 0.6603 0.4924 -1 0 -0
1.0001 -0.993275 -3.04847 0.9946 0.4924 -1 0 -0
1 1 -0 0.6614 1.0019 -1 0 -0
-1.00086 -1.00563 -2.80062 0.3063 0.5289 1 0 -0.0003
-1.00086 0.994369 -2.80062 0.6413 0.5289 1 0 -0.0003
-1 -1 0 0.3072 0.998 1 0 -0.0003
-0.41333 -1.27113 -5.91437 0.2618 -0.00189996 0.9827 0 0.1854
-0.41333 0.728867 -5.91437 0.5968 -0.00189996 0.9827 0 0.1854
-1.00086 -1.00563 -2.80062 0.3063 0.5289 0.9827 0 0.1854
1.0001 1.00672 -3.04847 0.6603 0.4924 -0.9947 0 -0.1026
1.30109 0.995566 -5.96667 0.6621 0.00199997 -0.9947 0 -0.1026
1.0001 -0.993275 -3.04847 0.9946 0.4924 -0.9947 0 -0.1026
-1 1 -0 0.275 0.7348 0 -0 -1
1 1 -0 0.275 0.984 0 -0 -1
1 -1 0 0.0258 0.984 0 -0 -1
1.0001 -0.993275 -3.04847 0.9946 0.4924 -1 0 -0
1 -1 0 0.9957 1.0019 -1 0 -0
1 1 -0 0.6614 1.0019 -1 0 -0
-1.00086 0.994369 -2.80062 0.6413 0.5289 1 0 -0.0003
-1 1 -0 0.6422 0.998 1 0 -0.0003
-1 -1 0 0.3072 0.998 1 0 -0.0003
-0.41333 0.728867 -5.91437 0.5968 -0.00189996 0.9827 0 0.1854
-1.00086 0.994369 -2.80062 0.6413 0.5289 0.9827 0 0.1854
-1.00086 -1.00563 -2.80062 0.3063 0.5289 0.9827 0 0.1854
1.30109 0.995566 -5.96667 0.6621 0.00199997 -0.9947 0 -0.1026
1.30109 -1.00443 -5.96667 0.9964 0.00199997 -0.9947 0 -0.1026
1.0001 -0.993275 -3.04847 0.9946 0.4924 -0.9947 0 -0.1026
